100 100 100
TQYODEBFIHINZKXAMKAMIZHDZLOJIHGDTKENCNPKBAEUJWWBJVUOTSKBYLLOBDIRPXFYVCXKTPHXRVLNFUJVAASKPXYRLLHLCIQY
2 1
3 2
4 3
5 1
6 1
7 4
8 3
9 5
10 7
11 6
12 7
13 4
14 6
15 8
16 1
17 2
18 16
19 3
20 14
21 6
22 16
23 3
24 23
25 11
26 22
27 24
28 3
29 24
30 11
31 17
32 28
33 29
34 6
35 33
36 11
37 32
38 10
39 13
40 10
41 11
42 15
43 30
44 15
45 33
46 23
47 35
48 2
49 22
50 8
51 18
52 16
53 8
54 1
55 1
56 31
57 25
58 5
59 49
60 8
61 26
62 20
63 23
64 27
65 43
66 46
67 21
68 13
69 40
70 54
71 57
72 1
73 58
74 30
75 72
76 3
77 42
78 61
79 75
80 22
81 2
82 48
83 39
84 22
85 23
86 60
87 60
88 43
89 15
90 43
91 83
92 18
93 64
94 52
95 81
96 67
97 91
98 96
99 18
100 93
19 45
35 P
2 C
64 A
89 W
41 Q
8 Z
71 U
26 X
65 W
35 A
15 Y
33 K
42 B
36 Z
57 J
10 J
5 U
91 U
82 H
16 G
88 Z
31 Y
73 J
33 Q
43 O
48 L
52 Y
80 R
6 G
27 E
99 S
7 N
40 E
84 Z
45 Q
30 F
41 V
92 E
42 M
25 E
24 X
20 S
73 P
2 H
43 O
3 W
20 N
74 U
16 E
39 N
9 G
64 B
32 H
97 G
16 W
31 N
66 S
77 A
51 X
71 P
76 F
91 K
86 V
10 B
69 R
2 U
74 D
52 W
66 P
3 Q
44 V
84 M
77 K
70 K
92 D
11 A
27 M
31 B
31 N
56 M
16 G
89 X
44 Z
17 P
2 I
80 A
72 H
68 U
39 R
32 Q
25 D
29 W
44 Z
54 M
52 N
4 F
71 J
94 X
8 V
28 P
